67
307
243
200
278
394
267
289
281
65
470
123
312
103
297
57
292
459
439
465
103
33
480
439
485
173
497
111
413
103
77
350
156
356
488
2
101
232
169
82
17
237
402
411
224
130
315
143
193
461
246
122
18
494
110
386
387
133
298
267
178
223
320
210
127
91
214
189
112
91
53
194
111
359
165
77
322
328
43
159
24
240
435
320
395
60
13
255
79
91
408
209
93
69
328
408
165
288
1
269
224
387
372
396
231
234
253
16
293
10
43
452
145
301
25
120
434
397
20
389
441
360
36
477
29
23
94
377
39
220
415
274
30
62
456
441
434
427
268
181
453
13
207
160
345
299
31
60
332
11
310
276
285
316
341
362
209
141
483
26
194
99
359
325
154
270
182
192
92
25
498
466
105
211
229
194
162
217
89
419
150
236
240
219
110
86
150
289
491
4
86
102
436
167
299
114
164
230
42
439
456