+------------------------------------------------------------------------------+
|      R0 Before      R1 Before   Code Operation       R0 After       R1 After |
|------------------------------------------------------------------------------|
|       00000000       00000000    100   LOAD_R0       01010101       00000000 |
|       01010101       00000000    101   LOAD_R1       01010101       00110011 |
|       01010101       00110011    110  PRINT_R0       01010101       00110011 |
|       01010101       00110011    111  PRINT_R1       01010101       00110011 |
|       01010101       00110011    000       XOR       01100110       00110011 |
|       01100110       00110011    110  PRINT_R0       01100110       00110011 |
|       01100110       00110011    111  PRINT_R1       01100110       00110011 |
|       01100110       00110011    100   LOAD_R0       01010101       00110011 |
|       01010101       00110011    001        OR       01110111       00110011 |
|       01110111       00110011    110  PRINT_R0       01110111       00110011 |
|       01110111       00110011    111  PRINT_R1       01110111       00110011 |
|       01110111       00110011    100   LOAD_R0       01010101       00110011 |
|       01010101       00110011    010      XNOR       10011001       00110011 |
|       10011001       00110011    110  PRINT_R0       10011001       00110011 |
|       10011001       00110011    111  PRINT_R1       10011001       00110011 |
|       10011001       00110011    100   LOAD_R0       01010101       00110011 |
|       01010101       00110011    011       AND       00010001       00110011 |
|       00010001       00110011    110  PRINT_R0       00010001       00110011 |
|       00010001       00110011    111  PRINT_R1       00010001       00110011 |
+------------------------------------------------------------------------------+
